1,2,3,4,5,6,7,8,9,10
2,11,12,13,14,15,16,17,18,19
3,12,20,21,22,23,24,25,26,27
4,13,21,28,29,30,31,32,33,34
5,14,22,29,35,36,37,38,39,40
6,15,23,30,36,41,42,43,44,45
7,16,24,31,37,42,46,47,48,49
8,17,25,32,38,43,47,50,51,52
9,18,26,33,39,44,48,51,53,54
10,19,27,34,40,45,49,52,54,55
